1
2
33528
33528
33528
33528
33528
33528
33528
33528
33528
33528
164920
164920
164920
164920
164920
164920
164920
164920
164920
164920
288797
288797
288797
288797
288797
288797
288797
288797
288797
288797
303938
303938
303938
303938
303938
303938
303938
303938
303938
303938
526122
526122
526122
526122
526122
526122
526122
526122
526122
526122
558542
558542
558542
558542
558542
558542
558542
558542
558542
558542
581717
581717
581717
581717
581717
581717
581717
581717
581717
581717
612754
612754
612754
612754
612754
612754
612754
612754
612754
612754
704823
704823
704823
704823
704823
704823
704823
704823
704823
704823
753697
753697
753697
753697
753697
753697
753697
753697
753697
753697
853103
853103
853103
853103
853103
853103
853103
853103
853103
853103
922861
922861
922861
922861
922861
922861
922861
922861
922861
922861
1009969
1009969
1009969
1009969
1009969
1009969
1009969
1009969
1009969
1009969
1057048
1057048
1057048
1057048
1057048
1057048
1057048
1057048
1057048
1057048
1087539
1087539
1087539
1087539
1087539
1087539
1087539
1087539
1087539
1087539
1149160
1149160
1149160
1149160
1149160
1149160
1149160
1149160
1149160
1149160
1298620
1298620
1298620
1298620
1298620
1298620
1298620
1298620
1298620
1298620
1647050
1647050
1647050
1647050
1647050
1647050
1647050
1647050
1647050
1647050
1683390
1683390
1683390
1683390
1683390
1683390
1683390
1683390
1683390
1683390
1826613
1826613
1826613
1826613
1826613
1826613
1826613
1826613
1826613
1826613
1883751
1883751
1883751
1883751
1883751
1883751
1883751
1883751
1883751
1883751
2067933
2067933
2067933
2067933
2067933
2067933
2067933
2067933
2067933
2067933
2477571
2477571
2477571
2477571
2477571
2477571
2477571
2477571
2477571
2477571
2969115
2969115
2969115
2969115
2969115
2969115
2969115
2969115
2969115
2969115
3022815
3022815
3022815
3022815
3022815
3022815
3022815
3022815
3022815
3022815
3068599
3068599
3068599
3068599
3068599
3068599
3068599
3068599
3068599
3068599
3102345
3102345
3102345
3102345
3102345
3102345
3102345
3102345
3102345
3102345
3181151
3181151
3181151
3181151
3181151
3181151
3181151
3181151
3181151
3181151
3341477
3341477
3341477
3341477
3341477
3341477
3341477
3341477
3341477
3341477
3372360
3372360
3372360
3372360
3372360
3372360
3372360
3372360
3372360
3372360
3469937
3469937
3469937
3469937
3469937
3469937
3469937
3469937
3469937
3469937
3506843
3506843
3506843
3506843
3506843
3506843
3506843
3506843
3506843
3506843
3578682
3578682
3578682
3578682
3578682
3578682
3578682
3578682
3578682
3578682
3594563
3594563
3594563
3594563
3594563
3594563
3594563
3594563
3594563
3594563
3883015
3883015
3883015
3883015
3883015
3883015
3883015
3883015
3883015
3883015
3957112
3957112
3957112
3957112
3957112
3957112
3957112
3957112
3957112
3957112
3985395
3985395
3985395
3985395
3985395
3985395
3985395
3985395
3985395
3985395
4008186
4008186
4008186
4008186
4008186
4008186
4008186
4008186
4008186
4008186
4022543
4022543
4022543
4022543
4022543
4022543
4022543
4022543
4022543
4022543
4029665
4029665
4029665
4029665
4029665
4029665
4029665
4029665
4029665
4029665
4065545
4065545
4065545
4065545
4065545
4065545
4065545
4065545
4065545
4065545
4199792
4199792
4199792
4199792
4199792
4199792
4199792
4199792
4199792
4199792
4259467
4259467
4259467
4259467
4259467
4259467
4259467
4259467
4259467
4259467
4282610
4282610
4282610
4282610
4282610
4282610
4282610
4282610
4282610
4282610
4357693
4357693
4357693
4357693
4357693
4357693
4357693
4357693
4357693
4357693
4451482
4451482
4451482
4451482
4451482
4451482
4451482
4451482
4451482
4451482
4480321
4480321
4480321
4480321
4480321
4480321
4480321
4480321
4480321
4480321
4488045
4488045
4488045
4488045
4488045
4488045
4488045
4488045
4488045
4488045
4509998
4509998
4509998
4509998
4509998
4509998
4509998
4509998
4509998
4509998
4655618
4655618
4655618
4655618
4655618
4655618
4655618
4655618
4655618
4655618
4734304
4734304
4734304
4734304
4734304
4734304
4734304
4734304
4734304
4734304
4801256
4801256
4801256
4801256
4801256
4801256
4801256
4801256
4801256
4801256
4866472
4866472
4866472
4866472
4866472
4866472
4866472
4866472
4866472
4866472
4876823
4876823
4876823
4876823
4876823
4876823
4876823
4876823
4876823
4876823
4921233
4921233
4921233
4921233
4921233
4921233
4921233
4921233
4921233
4921233
5084173
5084173
5084173
5084173
5084173
5084173
5084173
5084173
5084173
5084173
5086092
5086092
5086092
5086092
5086092
5086092
5086092
5086092
5086092
5086092
5094376
5094376
5094376
5094376
5094376
5094376
5094376
5094376
5094376
5094376
5123092
5123092
5123092
5123092
5123092
5123092
5123092
5123092
5123092
5123092
5123587
5123587
5123587
5123587
5123587
5123587
5123587
5123587
5123587
5123587
5177568
5177568
5177568
5177568
5177568
5177568
5177568
5177568
5177568
5177568
5482755
5482755
5482755
5482755
5482755
5482755
5482755
5482755
5482755
5482755
5515631
5515631
5515631
5515631
5515631
5515631
5515631
5515631
5515631
5515631
5596463
5596463
5596463
5596463
5596463
5596463
5596463
5596463
5596463
5596463
5708277
5708277
5708277
5708277
5708277
5708277
5708277
5708277
5708277
5708277
5880307
5880307
5880307
5880307
5880307
5880307
5880307
5880307
5880307
5880307
6409057
6409057
6409057
6409057
6409057
6409057
6409057
6409057
6409057
6409057
6645066
6645066
6645066
6645066
6645066
6645066
6645066
6645066
6645066
6645066
6768481
6768481
6768481
6768481
6768481
6768481
6768481
6768481
6768481
6768481
6769103
6769103
6769103
6769103
6769103
6769103
6769103
6769103
6769103
6769103
6827129
6827129
6827129
6827129
6827129
6827129
6827129
6827129
6827129
6827129
6857980
6857980
6857980
6857980
6857980
6857980
6857980
6857980
6857980
6857980
6914796
6914796
6914796
6914796
6914796
6914796
6914796
6914796
6914796
6914796
6948559
6948559
6948559
6948559
6948559
6948559
6948559
6948559
6948559
6948559
7137231
7137231
7137231
7137231
7137231
7137231
7137231
7137231
7137231
7137231
7290074
7290074
7290074
7290074
7290074
7290074
7290074
7290074
7290074
7290074
7312406
7312406
7312406
7312406
7312406
7312406
7312406
7312406
7312406
7312406
7387241
7387241
7387241
7387241
7387241
7387241
7387241
7387241
7387241
7387241
7435347
7435347
7435347
7435347
7435347
7435347
7435347
7435347
7435347
7435347
7695585
7695585
7695585
7695585
7695585
7695585
7695585
7695585
7695585
7695585
7923250
7923250
7923250
7923250
7923250
7923250
7923250
7923250
7923250
7923250
8031130
8031130
8031130
8031130
8031130
8031130
8031130
8031130
8031130
8031130
8034959
8034959
8034959
8034959
8034959
8034959
8034959
8034959
8034959
8034959
8384531
8384531
8384531
8384531
8384531
8384531
8384531
8384531
8384531
8384531
8446812
8446812
8446812
8446812
8446812
8446812
8446812
8446812
8446812
8446812
8448297
8448297
8448297
8448297
8448297
8448297
8448297
8448297
8448297
8448297
8657794
8657794
8657794
8657794
8657794
8657794
8657794
8657794
8657794
8657794
8688203
8688203
8688203
8688203
8688203
8688203
8688203
8688203
8688203
8688203
8792308
8792308
8792308
8792308
8792308
8792308
8792308
8792308
8792308
8792308
9234470
9234470
9234470
9234470
9234470
9234470
9234470
9234470
9234470
9234470
9314652
9314652
9314652
9314652
9314652
9314652
9314652
9314652
9314652
9314652
9347871
9347871
9347871
9347871
9347871
9347871
9347871
9347871
9347871
9347871
9478007
9478007
9478007
9478007
9478007
9478007
9478007
9478007
9478007
9478007
9601685
9601685
9601685
9601685
9601685
9601685
9601685
9601685
9601685
9601685
9680436
9680436
9680436
9680436
9680436
9680436
9680436
9680436
9680436
9680436
9752200
9752200
9752200
9752200
9752200
9752200
9752200
9752200
9752200
9752200
9752720
9752720
9752720
9752720
9752720
9752720
9752720
9752720
9752720
9752720
10024985
10024985
10024985
10024985
10024985
10024985
10024985
10024985
10024985
10024985
10070409
10070409
10070409
10070409
10070409
10070409
10070409
10070409
10070409
10070409
10336345
10336345
10336345
10336345
10336345
10336345
10336345
10336345
